-2060260542
-2057729447
-1993098179
-1986060836
-1962816662
-1950622780
-1866665718
-1862736240
-1823069476
-1767937856
-1739091517
-1665654471
-1663489914
-1620441689
-1587184614
-1581135239 рдип
-1571422055
-1542059078
-1524947134
-1355338112
-1350811257
-1349282129
-1242293756
-1207616911
-1101253418
-1019312558
-958894777
-918767036
-897408559
-852274694
-774226754
-762095516
-694456153
-676739176
-670244773
-551444922
-490801658
-488943249
-425265220
-390959068
-260382753
-167220513
-162992080
-127988164
85881402
89048225
102280226
119537595
173584191
190662523
248447588
254185057
311750191
315649254
406605555
436976222
454151215
466257327
497680838
521640678
562910998
609586939
639469357
689999051
698708353
720236641
747731863
808605371
847571966
849779563
900892304
904412011
960477222
1017737980
1086338667
1115502749
1147312479
1163204201
1220264640
1269455378
1287346489
1354640638
1356402066
1410452929
1413168118
1416243473
1464900688
1466402982
1565349825
1575623380
1672053159
1687096968
1698923339
1794916857
1887561079
1952492302
1972360050
2027703543
2077452202
2097222424

